100.00,	0.00,	0.00
100.00,	0.00,	0.00
98.08,	19.51,	0.00
98.08,	19.51,	0.00
92.39,	38.27,	0.00
92.39,	38.27,	0.00
83.15,	55.56,	0.00
83.15,	55.56,	0.00
70.71,	70.71,	0.00
70.71,	70.71,	0.00
55.56,	83.15,	0.00
55.56,	83.15,	0.00
38.27,	92.39,	0.00
38.27,	92.39,	0.00
19.51,	98.08,	0.00
19.51,	98.08,	0.00
0.00,	100.00,	0.00
0.00,	100.00,	0.00
-19.51,	98.08,	0.00
-19.51,	98.08,	0.00
-38.27,	92.39,	0.00
-38.27,	92.39,	0.00
-55.56,	83.15,	0.00
-55.56,	83.15,	0.00
-70.71,	70.71,	0.00
-70.71,	70.71,	0.00
-83.15,	55.56,	0.00
-83.15,	55.56,	0.00
-92.39,	38.27,	0.00
-92.39,	38.27,	0.00
-98.08,	19.51,	0.00
-98.08,	19.51,	0.00
-100.00,	0.00,	0.00
-100.00,	0.00,	0.00
-98.08,	-19.51,	0.00
-98.08,	-19.51,	0.00
-92.39,	-38.27,	0.00
-92.39,	-38.27,	0.00
-83.15,	-55.56,	0.00
-83.15,	-55.56,	0.00
-70.71,	-70.71,	0.00
-70.71,	-70.71,	0.00
-55.56,	-83.15,	0.00
-55.56,	-83.15,	0.00
-38.27,	-92.39,	0.00
-38.27,	-92.39,	0.00
-19.51,	-98.08,	0.00
-19.51,	-98.08,	0.00
-0.00,	-100.00,	0.00
-0.00,	-100.00,	0.00
19.51,	-98.08,	0.00
19.51,	-98.08,	0.00
38.27,	-92.39,	0.00
38.27,	-92.39,	0.00
55.56,	-83.15,	0.00
55.56,	-83.15,	0.00
70.71,	-70.71,	0.00
70.71,	-70.71,	0.00
83.15,	-55.56,	0.00
83.15,	-55.56,	0.00
92.39,	-38.27,	0.00
92.39,	-38.27,	0.00
98.08,	-19.51,	0.00
98.08,	-19.51,	0.00
